
%liczba neuronów ukrytych: 10, liczba wejœæ sieci: 4
%wejœcie 1: u(k-5)
%wejœcie 2: u(k-6)
%wejœcie 3: y(k-1)
%wejœcie 4: y(k-2)
%uczenie w trybie ARX
w10(1,1)=-7.8469548226e-002; w1(1,1)=1.5355889662e-002; w1(1,2)=-1.0457962422e-001; w1(1,3)=-1.5387880379e-001; w1(1,4)=4.3311943728e-002; 
w10(2,1)=-1.0473848505e-001; w1(2,1)=-1.5162448119e-002; w1(2,2)=-1.1967311351e-002; w1(2,3)=-4.2235778017e-001; w1(2,4)=6.8764931854e-003; 
w10(3,1)=-1.9801259248e-002; w1(3,1)=-2.8646243633e-002; w1(3,2)=-5.4769925913e-002; w1(3,3)=-2.4875893338e-001; w1(3,4)=-1.8430179212e-001; 
w10(4,1)=-2.5981810539e-001; w1(4,1)=-2.3274172570e-002; w1(4,2)=-4.8263375235e-002; w1(4,3)=-4.6580927235e-001; w1(4,4)=1.0033399234e-001; 
w10(5,1)=-1.2084997516e-001; w1(5,1)=-4.5722656349e-002; w1(5,2)=2.4572109613e-002; w1(5,3)=-3.4163158597e-001; w1(5,4)=-8.0218575276e-002; 
w10(6,1)=-4.2085325054e-001; w1(6,1)=-7.2190633822e-001; w1(6,2)=-1.9624781323e-001; w1(6,3)=-6.6891842810e-001; w1(6,4)=5.1131552694e-001; 
w10(7,1)=-4.9133193942e-001; w1(7,1)=-5.1748805692e-001; w1(7,2)=-2.2067427480e-001; w1(7,3)=4.7414994346e-001; w1(7,4)=-1.7744290435e-001; 
w10(8,1)=-6.1772858982e-002; w1(8,1)=-2.3307419105e-002; w1(8,2)=1.9751388387e-002; w1(8,3)=3.7897140361e-001; w1(8,4)=-1.7511127935e-001; 
w10(9,1)=3.6209921219e-001; w1(9,1)=2.5840329728e-001; w1(9,2)=4.5417456755e-002; w1(9,3)=3.8780301680e-001; w1(9,4)=5.0378633286e-001; 
w10(10,1)=4.7757076441e-002; w1(10,1)=-1.1088750249e-001; w1(10,2)=-1.0010243778e-001; w1(10,3)=-3.7591502136e-001; w1(10,4)=-2.8586321551e-001; 
w20=-1.9875492273e-002; w2(1)=-1.0740230980e-001; w2(2)=-4.7331133111e-001; w2(3)=-3.1611577416e-001; w2(4)=-5.0888722439e-001; w2(5)=-5.2972860428e-001; w2(6)=-6.0317303267e-001; w2(7)=7.7713080792e-001; w2(8)=5.7724425077e-001; w2(9)=-2.4361994081e-001; w2(10)=-7.0536826848e-002; 

