
%liczba neuronów ukrytych: 10, liczba wejœæ sieci: 4
%wejœcie 1: u(k-5)
%wejœcie 2: u(k-6)
%wejœcie 3: y(k-1)
%wejœcie 4: y(k-2)
%uczenie w trybie ARX
w10(1,1)=-2.0600550505e-001; w1(1,1)=9.4123631524e-002; w1(1,2)=-5.0375165681e-001; w1(1,3)=-3.7075248484e-001; w1(1,4)=2.4714817549e-001; 
w10(2,1)=-3.3273336836e-001; w1(2,1)=1.7848977549e+000; w1(2,2)=5.1968942376e-002; w1(2,3)=5.2067789129e-001; w1(2,4)=-2.8653322932e-001; 
w10(3,1)=1.9194875565e-001; w1(3,1)=-1.2122151806e-002; w1(3,2)=5.1914702852e-001; w1(3,3)=-2.8668827527e-001; w1(3,4)=-7.1368940760e-002; 
w10(4,1)=8.1885904877e-001; w1(4,1)=-3.2851786821e-003; w1(4,2)=-8.3387140100e-002; w1(4,3)=3.8813750271e-001; w1(4,4)=1.0547155089e-001; 
w10(5,1)=2.7975758419e-001; w1(5,1)=1.5143595092e+000; w1(5,2)=1.6043253611e-001; w1(5,3)=3.0130222797e-002; w1(5,4)=-1.4641402142e-001; 
w10(6,1)=1.8570138571e-001; w1(6,1)=4.1117203374e-001; w1(6,2)=3.2200475655e-001; w1(6,3)=1.3404892975e-002; w1(6,4)=-1.9611365362e-001; 
w10(7,1)=-2.0052246606e-001; w1(7,1)=-4.0577734138e-002; w1(7,2)=-2.3733391211e-001; w1(7,3)=2.2193437188e-001; w1(7,4)=-1.3433047711e-001; 
w10(8,1)=9.8970875518e-001; w1(8,1)=2.1440496852e-001; w1(8,2)=2.8004619307e-002; w1(8,3)=-1.0780240850e+000; w1(8,4)=2.1998017017e-001; 
w10(9,1)=8.9162238873e-002; w1(9,1)=-8.3404700497e-002; w1(9,2)=4.9137692396e-002; w1(9,3)=2.6853061604e-001; w1(9,4)=-2.9577265054e-002; 
w10(10,1)=-5.7275927258e-002; w1(10,1)=1.5631355468e+000; w1(10,2)=8.5234270411e-002; w1(10,3)=2.5208225367e-001; w1(10,4)=-2.0642751727e-001; 
w20=-1.0831932090e-001; w2(1)=-8.6059393629e-001; w2(2)=-6.2162068469e-001; w2(3)=-9.4412326336e-001; w2(4)=8.5188964792e-001; w2(5)=-6.1418691028e-001; w2(6)=7.5489183254e-001; w2(7)=4.6059461000e-001; w2(8)=-6.9875060852e-001; w2(9)=6.0868396649e-001; w2(10)=1.1658262641e+000; 

